start=9.266667
volume=70.000000
