start=6762.600000
volume=50.000000
sub-visibility=no
