start=34.199658
speed=1.464100
