start=3045.666667
speed=1.000000
pause=yes
