start=2652.333333
speed=1.210000
