start=31.466667
volume=130.000000
